               0   2.449550814136          2.44955
            0.01  2.4549424511185          2.45495
            0.02  2.4603588889893          2.46035
            0.03  2.4658002754275          2.46585
            0.04  2.4712667588667          2.47125
            0.05   2.476758489825          2.47675
            0.06  2.4822756195608          2.48225
            0.07   2.487818300942          2.48785
            0.08  2.4933866879204          2.49335
            0.09  2.4989809362264          2.49895
             0.1  2.5046012022994          2.50465
            0.11  2.5102476452745          2.51025
            0.12  2.5159204235692          2.51595
            0.13  2.5216196989095          2.52165
            0.14   2.527345633833          2.52735
            0.15  2.5330983912508          2.53305
            0.16  2.5388781382991          2.53885
            0.17  2.5446850403137          2.54465
            0.18  2.5505192663605          2.55055
            0.19  2.5563809858402          2.55635
             0.2  2.5622703704754          2.56225
            0.21  2.5681875924302          2.56815
            0.22  2.5741328272919          2.57415
            0.23  2.5801062494243          2.58015
            0.24  2.5861080378717          2.58615
            0.25   2.592138371699          2.59215
            0.26   2.598197429906          2.59815
            0.27  2.6042853972209          2.60425
            0.28  2.6104024559452          2.61045
            0.29  2.6165487935745          2.61655
             0.3  2.6227245953694          2.62275
            0.31  2.6289300517111          2.62895
            0.32  2.6351653530557          2.63515
            0.33  2.6414306919023          2.64145
            0.34  2.6477262625823          2.64775
            0.35  2.6540522614476          2.65405
            0.36  2.6604088852963          2.66045
            0.37  2.6667963350081          2.66675
            0.38  2.6732148121598          2.67325
            0.39  2.6796645196025          2.67965
             0.4  2.6861456622327          2.68615
            0.41  2.6926584473404          2.69265
            0.42  2.6992030832821          2.69925
            0.43  2.7057797829865          2.70575
            0.44  2.7123887574079          2.71235
            0.45  2.7190302227353          2.71905
            0.46   2.725704394174          2.72575
            0.47  2.7324114924518          2.73245
            0.48  2.7391517379654          2.73915
            0.49  2.7459253526278          2.74595
             0.5  2.7527325625697          2.75275
            0.51  2.7595735944297          2.75955
            0.52  2.7664486780033          2.76645
            0.53   2.773358044221          2.77335
            0.54  2.7803019261574          2.78035
            0.55  2.7872805617192          2.78725
            0.56  2.7942941868179          2.79425
            0.57  2.8013430436613          2.80135
            0.58  2.8084273729551          2.80845
            0.59  2.8155474207799          2.81555
             0.6  2.8227034330764          2.82275
            0.61  2.8298956611625          2.82985
            0.62  2.8371243566836          2.83715
            0.63  2.8443897727111          2.84435
            0.64  2.8516921671477          2.85165
            0.65  2.8590317995915          2.85905
            0.66  2.8664089302638          2.86645
            0.67  2.8738238252663          2.87385
            0.68  2.8812767502697          2.88125
            0.69  2.8887679752178          2.88875
             0.7  2.8962977712001          2.89625
            0.71  2.9038664150909          2.90385
            0.72  2.9114741820842          2.91145
            0.73  2.9191213530835          2.91915
            0.74  2.9268082106347          2.92685
            0.75  2.9345350413896          2.93455
            0.76  2.9423021316728          2.94235
            0.77  2.9501097748586          2.95015
            0.78   2.957958264398          2.95795
            0.79  2.9658478964856          2.96585
             0.8  2.9737789712541          2.97375
            0.81  2.9817517924736          2.98175
            0.82  2.9897666651244          2.98975
            0.83   2.997823898499          2.99785
            0.84  3.0059238048171          3.00595
            0.85  3.0140666992469          3.01405
            0.86  3.0222528999287          3.02225
            0.87  3.0304827279874          3.03045
            0.88  3.0387565093088          3.03875
            0.89  3.0470745707092          3.04705
             0.9  3.0554372443874          3.05545
            0.91  3.0638448646162          3.06385
            0.92  3.0722977688171          3.07225
            0.93  3.0807963000896          3.08075
            0.94  3.0893408032964          3.08935
            0.95  3.0979316256138          3.09795
            0.96  3.1065691199825          3.10655
            0.97  3.1152536421839          3.11525
            0.98  3.1239855509738          3.12395
            0.99  3.1327652106946          3.13275
               1  3.1415929866202          3.14155
            1.01  3.1504692512302          3.15045
            1.02  3.1593943770614          3.15935
            1.03  3.1683687445027          3.16835
            1.04   3.177392733901          3.17735
            1.05  3.1864667335213          3.18645
            1.06  3.1955911318708          3.19555
            1.07   3.204766325252          3.20475
            1.08  3.2139927104854          3.21395
            1.09  3.2232706922668          3.22325
             1.1  3.2326006757288          3.23265
            1.11  3.2419830743839          3.24195
            1.12  3.2514183026054          3.25145
            1.13  3.2609067807126          3.26095
            1.14  3.2704489345459          3.27045
            1.15  3.2800451919481          3.28005
            1.16  3.2896959867336          3.28965
            1.17  3.2994017586358          3.29945
            1.18  3.3091629510582          3.30915
            1.19  3.3189800104591          3.31895
             1.2  3.3288533911081          3.32885
            1.21  3.3387835497403          3.33875
            1.22  3.3487709503077          3.34875
            1.23  3.3588160597155          3.35885
            1.24  3.3689193516409          3.36895
            1.25  3.3790813039047          3.37905
            1.26  3.3893023996463          3.38935
            1.27  3.3995831287192          3.39955
            1.28   3.409923984343          3.40995
            1.29  3.4203254662786          3.42035
             1.3  3.4307880795519          3.43075
            1.31  3.4413123355096          3.44135
            1.32  3.4518987501334          3.45185
            1.33   3.462547846982          3.46255
            1.34  3.4732601525488          3.47325
            1.35  3.4840362016693          3.48405
            1.36  3.4948765343622          3.49485
            1.37  3.5057816970659          3.50575
            1.38  3.5167522425406          3.51675
            1.39   3.527788728442          3.52775
             1.4  3.5388917209424          3.53885
            1.41  3.5500617917721          3.55005
            1.42  3.5612995174302          3.56125
            1.43   3.572605484568          3.57265
            1.44  3.5839802840733          3.58395
            1.45  3.5954245138997          3.59545
            1.46  3.6069387796172          3.60695
            1.47  3.6185236931619          3.61855
            1.48  3.6301798743809          3.63015
            1.49  3.6419079496673          3.64195
             1.5  3.6537085534831          3.65375
            1.51  3.6655823272127          3.66555
            1.52  3.6775299197029          3.67755
            1.53  3.6895519875892          3.68955
            1.54  3.7016491953021          3.70165
            1.55   3.713822215105          3.71385
            1.56  3.7260717278682          3.72605
            1.57  3.7383984212212          3.73835
            1.58  3.7508029930314          3.75085
            1.59  3.7632861480812          3.76325
             1.6  3.7758485998825          3.77585
            1.61  3.7884910697713          3.78845
            1.62  3.8012142900755          3.80125
            1.63  3.8140190000784          3.81405
            1.64  3.8269059483464          3.82695
            1.65  3.8398758938362          3.83985
            1.66  3.8529296030147          3.85295
            1.67  3.8660678528586          3.86605
            1.68  3.8792914293501          3.87925
            1.69  3.8926011291119          3.89265
             1.7  3.9059977580747          3.90595
            1.71  3.9194821322697          3.91945
            1.72  3.9330550774604          3.93305
            1.73   3.946717429644          3.94675
            1.74  3.9604700367166          3.96045
            1.75  3.9743137554578          3.97435
            1.76  3.9882494552545          3.98825
            1.77  4.0022780144455          4.00225
            1.78  4.0164003239272          4.01645
            1.79  4.0306172866245          4.03065
             1.8  4.0449298150442          4.04495
            1.81   4.059338834439          4.05935
            1.82  4.0738452819141          4.07385
            1.83  4.0884501066312          4.08845
            1.84  4.1031542700118          4.10315
            1.85    4.11795874594          4.11795
            1.86  4.1328645209642          4.13285
            1.87  4.1478725944981          4.14785
            1.88  4.1629839790212          4.16295
            1.89   4.178199700278          4.17815
             1.9  4.1935207984686          4.19355
            1.91  4.2089483257831          4.20895
            1.92  4.2244833489826          4.22445
            1.93  4.2401269501681          4.24015
            1.94  4.2558802243758          4.25585
            1.95  4.2717442824615          4.27175
            1.96  4.2877202489676          4.28775
            1.97  4.3038092647254          4.30385
            1.98  4.3200124857754          4.32005
            1.99  4.3363310835576          4.33635
               2  4.3527662451016          4.35275
            2.01  4.3693191740928          4.36935
            2.02  4.3859910908257          4.38595
            2.03  4.4027832325033          4.40275
            2.04  4.4196968523857          4.41965
            2.05  4.4367332228168          4.43675
            2.06   4.453893631247          4.45385
            2.07  4.4711793859446          4.47115
            2.08  4.4885918110109          4.48855
            2.09   4.506132251097          4.50615
             2.1  4.5238020675323          4.52385
            2.11   4.541602643359          4.54165
            2.12  4.5595353799569          4.55955
            2.13  4.5776016972945          4.57765
            2.14  4.5958030383492          4.59585
            2.15  4.6141408652588          4.61415
            2.16  4.6326166600969          4.63265
            2.17  4.6512319284938          4.65125
            2.18  4.6699881959503          4.66995
            2.19  4.6888870115852          4.68885
             2.2  4.7079299463076          4.70795
            2.21   4.727118593535          4.72715
            2.22  4.7464545712248          4.74645
            2.23  4.7659395199196          4.76595
            2.24   4.785575105074          4.78555
            2.25   4.805363016979          4.80535
            2.26  4.8253049700734          4.82535
            2.27  4.8454027059027          4.84545
            2.28  4.8656579914041          4.86565
            2.29  4.8860726188956          4.88605
             2.3  4.9066484095154          4.90665
            2.31  4.9273872106483          4.92735
            2.32  4.9482908989498          4.94825
            2.33  4.9693613792278          4.96935
            2.34  4.9906005841581          4.99065
            2.35  5.0120104786912          5.01205
            2.36  5.0335930557697          5.03355
            2.37  5.0553503407356          5.05535
            2.38  5.0772843887065          5.07725
            2.39  5.0993972885241          5.09935
             2.4  5.1216911613811          5.12165
            2.41  5.1441681613612          5.14415
            2.42  5.1668304762509          5.16685
            2.43  5.1896803291072          5.18965
            2.44  5.2127199783424          5.21275
            2.45   5.235951718264          5.23595
            2.46  5.2593778793854          5.25935
            2.47  5.2830008303521          5.28305
            2.48  5.3068229786841          5.30685
            2.49  5.3308467693039          5.33085
             2.5  5.3550746876824          5.35505
            2.51  5.3795092601231          5.37955
            2.52   5.404153054781          5.40415
            2.53  5.4290086803854          5.42905
            2.54  5.4540787910287          5.45405
            2.55  5.4793660832131          5.47935
            2.56   5.504873298824          5.50485
            2.57  5.5306032256395          5.53065
            2.58  5.5565586992921          5.55655
            2.59  5.5827426012557          5.58275
             2.6  5.6091578632631          5.60915
            2.61  5.6358074662317          5.63585
            2.62  5.6626944428918          5.66265
            2.63  5.6898218773425          5.68985
            2.64  5.7171929062138          5.71715
            2.65  5.7448107216534          5.74485
            2.66   5.772678570446          5.77265
            2.67   5.800799755683          5.80075
            2.68  5.8291776397981          5.82915
            2.69  5.8578156424121          5.85785
             2.7  5.8867172449737          5.88675
            2.71  5.9158859900878          5.91585
            2.72  5.9453254838408          5.94535
            2.73  5.9750393964468          5.97505
            2.74  6.0050314641952          6.00505
            2.75  6.0353054907993          6.03535
            2.76  6.0658653498472          6.06585
            2.77  6.0967149836532          6.09675
            2.78  6.1278584084825          6.12785
            2.79  6.1592997126478          6.15925
             2.8  6.1910430622305          6.19105
            2.81  6.2230926977019          6.22305
            2.82  6.2554529412522          6.25545
            2.83  6.2881281937133          6.28815
            2.84  6.3211229399859          6.32115
            2.85  6.3544417493525          6.35445
            2.86   6.388089277168          6.38805
            2.87  6.4220702687313          6.42205
            2.88  6.4563895586631          6.45635
            2.89  6.4910520761261          6.49105
             2.9  6.5260628440563          6.52605
            2.91   6.561426983847          6.56145
            2.92  6.5971497167231          6.59715
            2.93  6.6332363658327          6.63325
            2.94  6.6696923593055          6.66965
            2.95  6.7065232334116          6.70655
            2.96  6.7437346333879          6.74375
            2.97  6.7813323177841          6.78135
            2.98   6.819322160796          6.81935
            2.99  6.8577101551289          6.85775
               3  6.8965024150706          6.89655
            3.01  6.9357051795493          6.93575
            3.02  6.9753248151746          6.97535
            3.03  7.0153678192581          7.01535
            3.04  7.0558408239778          7.05585
            3.05  7.0967505992499          7.09675
            3.06  7.1381040561832          7.13815
            3.07   7.179908251997          7.17995
            3.08   7.222170392015          7.22215
            3.09  7.2648978341135          7.26485
             3.1   7.308098094409          7.30805
            3.11  7.3517788494226          7.35175
            3.12  7.3959479409052          7.39595
            3.13  7.4406133806367          7.44065
            3.14  7.4857833556418          7.48575
            3.15  7.5314662316063          7.53145
            3.16  7.5776705583352          7.57765
            3.17  7.6244050750736          7.62445
            3.18  7.6716787161945          7.67165
            3.19   7.719500614719          7.71955
             3.2  7.7678801107049          7.76785
            3.21   7.816826754194          7.81685
            3.22  7.8663503132602          7.86635
            3.23  7.9164607791823          7.91645
            3.24  7.9671683732964          7.96715
            3.25    8.01848355331          8.01845
            3.26   8.070417020508          8.07045
            3.27  8.1229797263497          8.12295
            3.28   8.176182880075          8.17615
            3.29  8.2300379565383          8.23005
             3.3  8.2845567033886          8.28455
            3.31  8.3397511499733          8.33975
            3.32  8.3956336153138          8.39565
            3.33  8.4522167169677          8.45225
            3.34   8.509513380257          8.50955
            3.35  8.5675368474387          8.56755
            3.36  8.6263006868282          8.62635
            3.37  8.6858188049423          8.68585
            3.38  8.7461054540262          8.74615
            3.39  8.8071752457305          8.80715
             3.4   8.869043160199          8.86905
            3.41  8.9317245589871          8.93175
            3.42  8.9952351971886          8.99525
            3.43  9.0595912351739          9.05955
            3.44  9.1248092529686          9.12485
            3.45  9.1909062625679          9.19095
            3.46  9.2578997228592          9.25785
            3.47  9.3258075542789          9.32585
            3.48   9.394648153746          9.39465
            3.49  9.4644404104183          9.46445
             3.5   9.535203722845          9.53525
            3.51  9.6069580164792          9.60695
            3.52  9.6797237595811          9.67975
            3.53  9.7535219842437          9.75355
            3.54  9.8283743043774          9.82835
            3.55  9.9043029360828          9.90435
            3.56   9.981330719632          9.98135
            3.57  10.059481139525         10.05945
            3.58  10.138778349399         10.13875
            3.59  10.219247194613         10.21925
             3.6  10.300913237194         10.30095
            3.61  10.383802782564         10.38385
            3.62  10.467942906079         10.46795
            3.63  10.553361480543         10.55335
            3.64  10.640087207104         10.64005
            3.65   10.72814964572         10.72815
            3.66  10.817579246315         10.81755
            3.67  10.908407383924         10.90845
            3.68  11.000666393301         11.00065
            3.69  11.094389604973         11.09435
             3.7  11.189611385393         11.18965
            3.71  11.286367175992         11.28635
            3.72  11.384693535502         11.38465
            3.73  11.484628185384         11.48465
            3.74  11.586210054314         11.58625
            3.75  11.689479328645         11.68945
            3.76  11.794477501883         11.79445
            3.77  11.901247429048         11.90125
            3.78  12.009833382177         12.00985
            3.79  12.120281109633         12.12025
             3.8  12.232637897835         12.23265
            3.81  12.346952635763         12.34695
            3.82  12.463275883726         12.46325
            3.83  12.581659945136         12.58165
            3.84   12.70215894152         12.70215
            3.85  12.824828892434         12.82485
            3.86  12.949727798987         12.94975
            3.87   13.07691573177         13.07695
            3.88  13.206454924068         13.20645
            3.89  13.338409868939         13.33845
             3.9  13.472847423747         13.47285
            3.91  13.609836917469         13.60985
            3.92  13.749450267032         13.74945
            3.93  13.891762098022         13.89175
            3.94  14.036849873327         14.03685
            3.95  14.184794028534         14.18475
            3.96  14.335678116223         14.33565
            3.97  14.489588956653         14.48955
            3.98  14.646616799932         14.64665
            3.99  14.806855495697         14.80685
               4  14.970402673861         14.97045
