2.13164
4.20337
6.49901
8.52859
10.5183
12.5927
14.603
16.5829
19.066
25.3154
27.5763
30.8163
31.498
31.3534
34.0451
35.6903
35.8806
39.5428
39.9764
42.6915
3.12568
6.37396
9.10732
11.7182
14.6679
18.2954
21.4846
23.4095
25.8525
29.1714
33.9067
34.892
35.835
38.7927
44.908
50.1921
50.301
50.3833
53.6963
55.7146
0.687765
1.1316
1.78593
2.26504
2.89499
3.29954
4.02662
4.39337
4.98231
5.54123
6.3419
8.1418
8.00883
8.58269
9.02774
9.66571
10.403
10.8221
11.5359
12.2032
0.087389
0.156704
0.196215
0.261694
0.307913
0.356798
0.421357
0.454887
0.512549
0.579303
0.645561
0.698845
0.726251
0.812792
0.871093
0.925395
0.976415
1.02693
1.08579
1.12161
1.16405
1.33452
1.32205
1.36961
1.42656
1.46372
1.52225
1.51936
1.69085
1.6842
1.76393
1.77443
1.86229
1.90196
1.91634
2.01691
2.05719
2.11674
2.1425
2.21407
2.27389
2.38306
2.37232
2.48198
2.45873
2.56491
2.64107
2.68154
2.80333
2.83316
2.83122
2.96774
2.95284
3.05389
3.02187
3.11124
3.16128
3.16835
3.25485
3.30187
3.38775
3.45363
3.49442
3.56352
3.78166
3.61379
3.68584
3.66366
3.76066
3.86479
3.87333
3.93186
4.04732
4.03341
4.24814
4.20611
4.53716
4.2888
4.33712
4.38767
4.55682
4.54135
4.60521
4.68536
4.69315
4.73932
4.79991
4.90916
5.11501
4.96174
5.086
5.02489
5.10804
5.18351
5.2427
5.30964
5.49557
5.36059
5.46688
5.42646
5.56399
5.63438
5.68693
6.72101
5.96945
6.09909
6.47342
6.30462
6.02875
6.02466
6.15146
6.22638
6.27517
6.3122
6.29123
6.10854
6.45512
6.51236
6.61176
6.55409
6.65166
7.6079
6.78151
6.92026
7.01154
6.93587
6.98909
7.0781
7.09979
7.17845
7.50446
7.64166
7.28446
7.3033
7.42526
7.73544
7.47875
7.64788
7.54479
7.64808
8.00784
7.74884
7.9771
7.93785
7.93076
8.02646
8.08006
8.09977
8.3196
8.18712
8.61865
8.68469
8.39522
8.50777
8.54959
8.56605
8.5915
8.60085
8.70036
8.83064
9.28591
8.80634
8.97276
9.20245
9.24625
9.18794
9.24496
10.8583
9.87156
9.68521
9.40059
9.49637
9.39215
10.0586
9.86067
9.73767
9.75843
9.70687
10.3997
9.927
9.94199
10.0019
10.0521
10.1764
10.1861
10.4525
10.267
10.3075
10.4137
10.3783
10.5874
10.631
10.6798
10.7169
12.4543
11.1542
11.4738
11.0921
